ATTENUATION,73,9423535.718012141
1.0,0.0,0.0,0.0
1.1,6.0,2908.0,0.03079523532184548
1.2000000000000002,392.2,255557.8,2.707748000702927
1.3000000000000003,1000.2,700849.8,7.42661375668485
1.4000000000000004,38571.0,1284342.6,13.219789655159186
1.5000000000000004,13436041.0,13820509.8,4.079878418300334
1.6000000000000005,20396322.8,20529446.0,1.4126672194338654
ATTENUATION,75,5945849.072251189
1.0,0.0,0.0,0.0
1.1,5.6,2233.0,0.037461428518175834
1.2000000000000002,352.4,200346.6,3.3635936191747158
1.3000000000000003,864.8,599737.0,10.0721056441693
1.4000000000000004,31318.0,1146006.6,18.747340984522538
1.5000000000000004,13227829.6,13711415.4,8.133166417843631
1.6000000000000005,20343141.2,20495991.6,2.5707077011648862
ATTENUATION,78,2979983.6480868584
1.0,0.0,0.0,0.0
1.1,5.2,1493.6,0.04994658279267903
1.2000000000000002,306.2,136133.8,4.557998165097347
1.3000000000000003,769.2,451790.2,15.135015935055693
1.4000000000000004,36070.4,1059010.8,34.32704742043551
1.5000000000000004,13408641.0,13814819.8,13.63023586591713
1.6000000000000005,20435100.0,20561132.0,4.229284951979928
